-2.013655165191454266e+00
-1.739478754534141558e+01
3.974599824505329337e+00
-1.358569993283529698e+01
-1.306570810316109466e+01
7.888685974328805806e+00
-2.966357392741013399e+01
6.865992729291255259e+00
-4.273362752923282493e+00
-3.063445805704214919e+01
8.091498861179490021e+00
-4.268394086397023557e+00
-2.877517342551856316e+01
7.272928826211808584e+00
-4.240390043686417698e+00
-2.883246052757368005e+01
6.765092519920655967e+00
-4.214438688782062847e+00
-2.998552945619407595e+01
7.945483697212131879e+00
-4.209994903723602633e+00
-2.833414555256313605e+01
7.276524197545254147e+00
-4.183740757474967431e+00
-2.822038773980807491e+01
6.679719404063658494e+00
-4.159178154642936498e+00
-2.930294705544066147e+01
7.776113143470935185e+00
-4.155078128035442298e+00
-2.799259634359870219e+01
7.313809857413873239e+00
-4.130158035091941571e+00
-2.809708124178979816e+01
6.866089208977074421e+00
-4.106796889307214649e+00
-2.907609646034276807e+01
7.941456594303113015e+00
-4.102990310439937893e+00
-2.757419683164976476e+01
7.330144479811638192e+00
-4.079042706402353780e+00
-2.786670383357648006e+01
6.936297974244945763e+00
-4.056599669512825024e+00
-3.214229239609174016e+01
7.874362577689654863e+00
-4.035841129631431379e+00
-2.878723935321049154e+01
8.011801138482388396e+00
-4.053105166805983650e+00
-2.744470281362206876e+01
7.447256143364148429e+00
-4.030203592597565887e+00
-2.749994068384305379e+01
6.932950922288434903e+00
-4.008716359456783174e+00
-2.882903607840644256e+01
6.571210246759399354e+00
-3.989136164381527294e+00
-2.844067876564340835e+01
8.002672682149894356e+00
-4.005470628937720434e+00
-2.715615000367339960e+01
7.443509891708735005e+00
-3.983510344002934467e+00
-2.740410759918340844e+01
6.988608880240446908e+00
-3.963022043113877846e+00
-2.874721202291665278e+01
6.641353269182338259e+00
-3.944227735951598035e+00
-2.827648369876398959e+01
8.034351343161938885e+00
-3.960058360053798410e+00
-2.707992858146521442e+01
7.417400656534476333e+00
-3.939019955462469191e+00
-2.739771516270204543e+01
6.942195176045681038e+00
-3.919303082404394623e+00
-2.862665415509574984e+01
6.588994744045509222e+00
-3.901209460356811931e+00
-2.838732653238807302e+01
8.000730902126058197e+00
-3.916547434511670644e+00
-2.731407633549833491e+01
7.391942259430992479e+00
-3.896366351154167518e+00
-2.781760909338122545e+01
7.007414140647084011e+00
-3.877408051916930720e+00
-2.950756475632246278e+01
6.816317450804433520e+00
-3.859884635261022989e+00
-2.807292018481756912e+01
7.571663917144122458e+00
-3.874835788188496277e+00
-2.749505492520666650e+01
7.215849426223516438e+00
-3.855341106532953255e+00
-2.827676601638960818e+01
6.901701218420386752e+00
-3.837008757066522779e+00
-2.938025317676583725e+01
6.564491492209012513e+00
-3.820096435629502629e+00
-2.798152022543493800e+01
7.125434283378596412e+00
-3.834648554494471284e+00
-2.757913589080468242e+01
6.946829374671438018e+00
-3.815854399039219746e+00
-2.840910887297995657e+01
6.627141663989690734e+00
-3.798060369590579910e+00
-2.830036417934001491e+01
6.918101493195957907e+00
-3.795886774812693876e+00
-2.771176971621834184e+01
6.622422616238838877e+00
-3.777680498659280239e+00
-3.182055163306448975e+01
7.835191257568816070e+00
-3.760468758209508877e+00
-2.862937091052993921e+01
6.726039022706131298e+00
-3.758507546748100836e+00
-2.782200050644204836e+01
6.408545099741645323e+00
-3.740839035929751866e+00
-3.271112783121935763e+01
8.135098542729846116e+00
-3.723017058346887342e+00
-2.890555309772117454e+01
6.418153809604564941e+00
-3.722447157220307723e+00
-2.936033143826819725e+01
7.416134416629382997e+00
-4.079441909302638614e+00
-3.472460743983958764e+01
1.574739595125175207e+01
-4.048226934878349503e+00
-2.743175140073438811e+01
7.432988404981021979e+00
-4.030196636314833825e+00
-2.719720633596157811e+01
7.459465780079296060e+00
-3.983509912919998897e+00
-2.708833896028711408e+01
7.421475804397782206e+00
-3.939020187792909411e+00
-2.732475362416208142e+01
7.396328596343026973e+00
-3.896366210522318685e+00
-2.758106739991038125e+01
7.250767168800720697e+00
-3.855342887128025087e+00
-2.739704964385385821e+01
6.836373361895686784e+00
-3.815901140899266242e+00
-2.828400299031273235e+01
6.818404332207972374e+00
-3.777544544963790774e+00
